    342195    1492000     763585  1492000.000000 MGPy8EG_A14NNPDF23_QCDZbbjj_Incl
    342196    1499000     950295  1499000.000000 MGPy8EG_A14NNPDF23_EWKZbbjj_Incl
    345097     727284          0 20621276.532997 HIGG5D3                       
    345342    4996000    4996000 141389268.267105 HIGG5D3                       
    345949    2496000    2496000  9355207.126754 PwPy8EG_NNPDF30_AZNLOCTEQ6L1_VBFH125_bb
    346213  101460000   11250000 106458941.689019 r10201                        
    346587    9997000    9997000 11762363.038660 r10201                        
    361021   15997000     924228 577553062.777025 HIGG5D3                       
    361022   15981000    7607882 476948347.406826 HIGG5D3                       
    361023   15878500   15752021 583437869.796966 HIGG5D3                       
    361024   15974500   15974142 404454482.746888 HIGG5D3                       
    361025   15991500   15991500 253031694.662278 HIGG5D3                       
    410471   24714000   24714000 18045509444.822266 HIGG5D3                       
    342284     100000     100000   100000.000000 r10201                        
    342285     100000     100000   100000.000000 r10201                        
    346639    4880000     330584  1738765.278481 r10201                        
    346640    4304000     302818  2439292.500393 r10201                        
    346641    8448000     671857  4469115.376863 r10201                        
    346642    1920000     104940    80595.036328 r10201                        
    450694   32668000    4698000      378.994366 r10201                        
    450695   59464000    6293000      228.633557 r10201                        
    345873   34188000    4984000  8627189.729168 r10201                        
    345874   35472000    4994000 19219126.439352 r10201                        
    346309    2996000    2996000 84793361.896500 r10201                        
    346310     148000     148000   112575.066949 r10201                        
    346311      70000      70000    60307.274106 r10201                        
    346312      70000      70000    37782.400432 r10201                        
    346317     749000     749000  2807657.165640 r10201                        
    346343    6493000    6493000  1549074.772358 r10201                        
    346344    6500000    6500000  3411838.424928 r10201                        
    346345    6490000    6490000   355020.014127 r10201                        
