    343982    1425000          0  1425000.000000 HIGG5D3                       
    343983    4910000          0  5475244.824736 HIGG5D3                       
    343984   10000000          0 12892041.755277 HIGG5D3                       
    343985    5000000          0  7158138.640252 HIGG5D3                       
    343986    3000000          0  4909802.922162 HIGG5D3                       
    345097     709190          0 20106710.285957 HIGG5D3                       
    345338    2000000    2000000  7472991.679435 HIGG5D3                       
    345106    815000    815000  6090488.21874 HIGG5D3                       
    345342    4946000    4946000 139989080.639393 HIGG5D3                       
    345746    2800000      19892  2800000.000000 HIGG5D3                       
    345747    1000000     300074  1174388.568951 HIGG5D3                       
    345748    2000000    1037909  2624022.934886 HIGG5D3                       
    345749    1000000     712911  1413657.984150 HIGG5D3                       
    345750     591500     526496   944328.226416 HIGG5D3                       
    345949    1998000    1998000  7489208.433133 HIGG5D3                       
    346213   63200000    7000000 66314298.243007 r9364                         
    410471   39785000   39785000 29051106033.020142 HIGG5D3                       
    342195    1500000     774569  1500000.000000 r9364                         
    342196    1500000     956603  1500000.000000 r9364                         
    346587    5998000    5998000  7057777.350473 r9364                         
    342284     100000     100000   100000.000000 r9364                         
    342285     100000     100000   100000.000000 r9364                         
    346639    5208000     264926  1850556.178376 r9364                         
    346640    4056000     264416  2302076.481125 r9364                         
    346641    8304000     536335  4448863.811566 r9364                         
    346642    1200000      80793    50370.074825 r9364                         
    450694   35328000    3796000      409.723681 r9364                         
    450695   52808000    4991000      202.970991 r9364                         
    450696   23488000    2416000        5.139016 r9364                         
    346309    1997000    1997000 56525660.557652 r9364                         
    346310      99000      99000    75399.764287 r9364                         
    346311      50000      50000    43086.896508 r9364                         
    346312      50000      50000    27008.289789 r9364                         
    346317     499000     499000  1871057.155605 r9364                         
    346343    4982000    4982000  1188825.771046 r9364                         
    346344    4993000    4993000  2620873.087013 r9364                         
    346345    4991000    4991000   273018.959158 r9364                         
