    342195    2482000    1266125  2482000.000000 HIGG5D3                       
    342196    2486000    1571331  2486000.000000 HIGG5D3                       
    342284     100000     100000   100000.000000 r10724                        
    342285     100000     100000   100000.000000 r10724                        
    345097     728076          0 20645888.204689 HIGG5D3                       
    345342    6493000    6493000 183767490.461586 r10724                        
    345949    2499000    2499000  9368048.439958 HIGG5D3                       
    346213  147792000   15654000 155067386.412583 r10724                        
    346587   13996000   13996000 16472757.162779 r10724                        
    346639    6088000     443735  2166898.090996 r10724                        
    346640    6080000     448348  3440531.103630 r10724                        
    346641   10992000     875114  5902009.113631 r10724                        
    346642    2320000     137063    97379.859666 r10724                        
    361107   49980862          0 94412487473.971313 HIGG5D3                       
    364103    4558160          0  1616972.913993 HIGG5D3                       
    364104    1587710          0   559704.751305 HIGG5D3                       
    364105    5257416          0  1769473.263002 HIGG5D3                       
    364106    3821879          0  2180926.650758 HIGG5D3                       
    364107    2160527          0  1395669.939392 HIGG5D3                       
    364108    8057214          0  5455436.710774 HIGG5D3                       
    364109    1433684          0  1193569.093637 HIGG5D3                       
    364110     821454          0   737420.292751 HIGG5D3                       
    364111    1642722          0  1516533.458285 HIGG5D3                       
    364112    2296590          0  2269430.363009 HIGG5D3                       
    364113     851662          0   869948.828067 HIGG5D3                       
    410471   61705000   61705000 45055880319.997864 HIGG5D3                       
    450694   58320000    6290000      676.318330 r10724                        
    450695   57756000    8496000      222.026860 r10724                        
    450696   40920000    4195000        8.975488 r10724                        
    346309    3995000    3995000 113056049.746670 r10724                        
    346310     200000     200000   152273.938356 r10724                        
    346311     120000     120000   103467.829424 r10724                        
    346312     120000     120000    64802.767589 r10724                        
    346317     998000     998000  3740336.626183 r10724                        
    346343    8254000    8254000  1969241.497278 r10724                        
    346344    8280000    8280000  4346250.636220 r10724                        
    346345    8221000    8221000   449688.290185 r10724                        
