304014
342282
342283
342286
342287
343365
343366
343367
345038
345039
345040
345043
345044
345045
345053
345054
345055
345056
345057
345058
345109
345110
345111
345112
345113
345114
345342
345951
346031
363355
363356
363357
363358
363359
363360
363489
364100
364101
364102
364103
364104
364105
364106
364107
364108
364109
364110
364111
364112
364113
364114
364115
364116
364117
364118
364119
364120
364121
364122
364123
364124
364125
364126
364127
364128
364129
364130
364131
364132
364133
364134
364135
364136
364137
364138
364139
364140
364141
364142
364143
364144
364145
364146
364147
364148
364149
364150
364151
364152
364153
364154
364155
364156
364157
364158
364159
364160
364161
364162
364163
364164
364165
364166
364167
364168
364169
364170
364171
364172
364173
364174
364175
364176
364177
364178
364179
364180
364181
364182
364183
364184
364185
364186
364187
364188
364189
364190
364191
364192
364193
364194
364195
364196
364197
364254
364302
364303
364304
364305
410080
410081
410155
410156
410157
410218
410219
410220
410470
410472
410560
410644
410645
410646
410647
410648
410649
410658
410659
