  00325713   24091770      17289 24091770.000000
  00325790   12840594       9130 12840594.000000
  00326439     638754          7   638754.000000
  00326446   10150104       8685 10150104.000000
  00326468    3057231        313  3057231.000000
  00326551   25908163      27825 25908163.000000
  00326657   14485491      15717 14485491.000000
  00326695   24289480      25557 24289480.000000
  00326834   39562547      46169 39562547.000000
  00326870   10246939      13273 10246939.000000
  00326923   25311276      31581 25311276.000000
  00326945   28890748      35699 28890748.000000
  00327057   36583679      53315 36583679.000000
  00327103    9718965      17775  9718965.000000
  00327265   42814259      77603 42814259.000000
  00327342   57420012     108347 57420012.000000
  00327490   43234714      75414 43234714.000000
  00327582    2898440       7464  2898440.000000
  00327636   21103653      42991 21103653.000000
  00327662   31800092      63695 31800092.000000
  00327745    8469105      18673  8469105.000000
  00327761     441993       1260   441993.000000
  00327764   51856905     105869 51856905.000000
  00327860    6589729      14620  6589729.000000
  00327862   25699812      52839 25699812.000000
  00328042   26946068      55328 26946068.000000
  00328099   43615474      89339 43615474.000000
  00328221    8347942      17955  8347942.000000
  00328263   41360677      86547 41360677.000000
  00328333   25530544      54437 25530544.000000
  00328374    1081381       2199  1081381.000000
  00328393   18313761      40116 18313761.000000
  00329716    6183735       9516  6183735.000000
  00329778     281774        592   281774.000000
  00329780   32580460      62341 32580460.000000
  00329829    5303320      11715  5303320.000000
  00329835   11349103      22759 11349103.000000
  00329869   20389605      45224 20389605.000000
  00329964   17511118      39060 17511118.000000
  00330025   30267486      67778 30267486.000000
  00330074    7688752      18073  7688752.000000
  00330079    8643268      19871  8643268.000000
  00330101    1085217       2652  1085217.000000
  00330160    3295550        435  3295550.000000
  00330166    1219716       3087  1219716.000000
  00330203   45472799     101827 45472799.000000
  00330294   43937216     101111 43937216.000000
  00330470    8265401      19314  8265401.000000
  00331033   14762891       6817 14762891.000000
  00331082     735147       2024   735147.000000
  00331085   49417976     109815 49417976.000000
  00331129   49077516     104250 49077516.000000
  00331215   11918351      29823 11918351.000000
  00331697    9412751      23187  9412751.000000
  00331710   39725879      93450 39725879.000000
  00331742   44461569     102043 44461569.000000
  00331772    5269852      14552  5269852.000000
  00331804   48546662     112781 48546662.000000
  00331825   44931942     104431 44931942.000000
  00331860   32853549      77390 32853549.000000
  00331875   50640140     114549 50640140.000000
  00331905    3978870      10277  3978870.000000
  00331951    8421683      21912  8421683.000000
  00331975   55084181     102248 55084181.000000
  00332303   14222785      37684 14222785.000000
  00332304   20531137      48179 20531137.000000
  00332720     781060       1098   781060.000000
  00332896    3452685       4882  3452685.000000
  00332915   13663106      21054 13663106.000000
  00332953   15608398      26241 15608398.000000
  00332955    8289893      15006  8289893.000000
  00333181   17780181      32871 17780181.000000
  00333192   18837777      36616 18837777.000000
  00333367   18921305      37976 18921305.000000
  00333380    7440082      15454  7440082.000000
  00333426    6373816      13567  6373816.000000
  00333469   10959684      22569 10959684.000000
  00333487   32504377      63353 32504377.000000
  00333519    7507318      16194  7507318.000000
  00333650   24252263      46090 24252263.000000
  00333707   11058580      22573 11058580.000000
  00333778   32503594      62859 32503594.000000
  00333828   28174231      52383 28174231.000000
  00333853    6711414      13866  6711414.000000
  00333904   14796471      27724 14796471.000000
  00333979   15970337      31652 15970337.000000
  00333994    1686478       4315  1686478.000000
  00334264   16148554      19861 16148554.000000
  00334317   12288137      17645 12288137.000000
  00334350   38073429      37932 38073429.000000
  00334384    3618889       7246  3618889.000000
  00334413   35732998      67532 35732998.000000
  00334443   33277596      62184 33277596.000000
  00334455    1063582       2134  1063582.000000
  00334487   36269994      68116 36269994.000000
  00334564   15330939      27022 15330939.000000
  00334580    2066158       3790  2066158.000000
  00334588   21288957      36664 21288957.000000
  00334637   15529231      27295 15529231.000000
  00334678   13434270      25134 13434270.000000
  00334737   29392816      54865 29392816.000000
  00334779   20963283      35918 20963283.000000
  00334842   12481501      20680 12481501.000000
  00334849   12583365      21914 12583365.000000
  00334878   18901603      34792 18901603.000000
  00334890   14910342      29222 14910342.000000
  00334907   26844927      53478 26844927.000000
  00334960   35697114      68638 35697114.000000
  00334993   35606923      69064 35606923.000000
  00335016    7493010      15930  7493010.000000
  00335022   37545510      73436 37545510.000000
  00335056     455053        989   455053.000000
  00335082     967215        814   967215.000000
  00335083   29695733      58145 29695733.000000
  00335131    8238550      16711  8238550.000000
  00335170   34195043      66243 34195043.000000
  00335177   38015266      72267 38015266.000000
  00335222   36396524      70173 36396524.000000
  00335282   11498770      23169 11498770.000000
  00335290   18529643      36567 18529643.000000
  00336506   13518602      25630 13518602.000000
  00336548   37149806      74665 37149806.000000
  00336567   42996819      90702 42996819.000000
  00336630   47557433      95969 47557433.000000
  00336678   45300611      92691 45300611.000000
  00336719   29743996      64296 29743996.000000
  00336782   44915698      89923 44915698.000000
  00336832   51546183     105897 51546183.000000
  00336852   62769210     129173 62769210.000000
  00336915   41577879      81868 41577879.000000
  00336927   49472574      96600 49472574.000000
  00336944   16156812      36800 16156812.000000
  00336998   17318027      39850 17318027.000000
  00337005   14084829      32829 14084829.000000
  00337052   43968080      87220 43968080.000000
  00337107   43856298      93136 43856298.000000
  00337156    7573059      18167  7573059.000000
  00337176   49928290     105068 49928290.000000
  00337215   48824982     101097 48824982.000000
  00337263   49228933     101884 49228933.000000
  00337335   26020941      58864 26020941.000000
  00337371   23325681      41297 23325681.000000
  00337404   18507223      42924 18507223.000000
  00337451   50957070     107438 50957070.000000
  00337491   33381536      74876 33381536.000000
  00337542   37442503      82449 37442503.000000
  00337662   56554684     118127 56554684.000000
  00337705   51881136     111041 51881136.000000
  00337833   66811944     136021 66811944.000000
  00338183   55240336     117094 55240336.000000
  00338220   65112102     137576 65112102.000000
  00338259   36383019      84915 36383019.000000
  00338263   58438939     126098 58438939.000000
  00338349   52980329     116694 52980329.000000
  00338377   72930462      55985 72930462.000000
  00338480   46285330     102349 46285330.000000
  00338498   39486074      89764 39486074.000000
  00338608   54602184      48508 54602184.000000
  00338675    4748317      12430  4748317.000000
  00338712   55419806     119121 55419806.000000
  00338767   49354010     114285 49354010.000000
  00338834    6208648      15988  6208648.000000
  00338846   56765485     128370 56765485.000000
  00338897   49368861     114254 49368861.000000
  00338933   54049571     115477 54049571.000000
  00338967   13832017      34483 13832017.000000
  00338987   52715800      86783 52715800.000000
  00339037   60101390     139162 60101390.000000
  00339070   55782998     130394 55782998.000000
  00339205   24878736      63527 24878736.000000
  00339346    3898509      11379  3898509.000000
  00339387   45221169     109101 45221169.000000
  00339396   24056985      63906 24056985.000000
  00339435   59187270      95349 59187270.000000
  00339500   19171110      24393 19171110.000000
  00339535   23737905      63518 23737905.000000
  00339562   16140640      40344 16140640.000000
  00339590    4969065       7227  4969065.000000
  00339758   53658985     133484 53658985.000000
  00339849   48102908     113392 48102908.000000
  00339957   68668316     128790 68668316.000000
  00340030   73222893     157389 73222893.000000
  00340072   78709382     171987 78709382.000000
  00340368   41378489     101205 41378489.000000
  00340453   71475531     157751 71475531.000000
    306939      80000      35769    80000.000000
    306940      80000      37483    80000.000000
    306941      80000      36963    80000.000000
    306942      80000      40124    80000.000000
    306943      80000      40526    80000.000000
    306944      80000      38639    80000.000000
    306945      80000      39479    80000.000000
    306946      80000      43767    80000.000000
    306948      80000      44059    80000.000000
    306949      80000      40010    80000.000000
    306952      80000      46905    80000.000000
    306955      80000      46991    80000.000000
    306958      80000      45501    80000.000000
    306959      80000      40194    80000.000000
    306962      80000      48753    80000.000000
    306964      80000      48577    80000.000000
    306966      80000      48137    80000.000000
    306968      80000      49732    80000.000000
    306970      80000      49878    80000.000000
    306972      80000      49647    80000.000000
    306973      80000      48147    80000.000000
    306974      80000      46123    80000.000000
    306975      80000      46705    80000.000000
    306976      80000      46826    80000.000000
    306977      80000      46651    80000.000000
    306978      80000      48103    80000.000000
    306979      80000      48101    80000.000000
    306980      80000      47900    80000.000000
    306981      80000      48407    80000.000000
    306982      80000      48578    80000.000000
    306983      80000      48765    80000.000000
    308468      80000      43648    80000.000000
    308469      80000      44182    80000.000000
    308568      80000      40497    80000.000000
    308569      80000      50450    80000.000000
    308570      80000      50458    80000.000000
    308571      80000      40703    80000.000000
    344587     100000      43669   100000.000000
    344588     100000      48859   100000.000000
    344589     100000      53075   100000.000000
    345043    3128000         22  2024792.562129
    345044    3130000     745188  2031508.248796
    345045    3747000      18942   128917.858092
    345053    1999950      12647   350871.296546
    345054    3993700      24484  1112980.505605
    345055    2999950    1178610   228273.335811
    345056    1999700         35   300335.485644
    345057     745000     326115    15079.887724
    345058     499000         11     5685.469866
    345109     999950       3516   175322.797498
    363124     140000       6899   145376.320122
    363125     130000       6635   136518.542289
    363127     158000      49468   226705.671114
    363128     100000      32277   151045.295212
    363129     460000     197801   711118.048894
    363131     200000     100561   332610.802363
    363132     200000     113802   327872.423652
    363133     100000      59013   167216.608838
    363134      60000      36414   104018.627531
    363135      50000      31280    83084.952125
    363136      50000      31524    84352.236818
    363137       6000       3828    10256.105035
    363138       2000       1320     3355.405086
    363139       2000       1270     3346.902577
    363140       2000       1291     3408.809070
    363141       2000       1391     3251.637551
    363142       2000       1391     3328.316905
    363143       2000       1374     3311.668461
    363144       2000       1447     3217.513040
    363145       2000       1409     3191.694586
    363146       2000       1410     3152.864615
    363147     760000      13287   778696.637071
    363148     260000       9956   270118.907504
    363149     179950       7169   189273.556616
    363150     480000      90980   672117.050074
    363151     359900      89759   516764.592363
    363153     470000     166303   725839.264255
    363154     250000     100761   396716.191999
    363156     200000      94408   327180.628572
    363157     100000      48502   167934.570179
    363160      60000      31374   101750.572209
    363163      19950      11019    33716.220300
    363165      12000       6986    20244.790906
    363167       1990       1172     3330.191071
    363168       6000       3749     9846.451881
    363355    5399000         14  3490355.381650
    363356    5400000    1361005  3493067.334428
    363357    5998000         16   555940.206339
    363358   16121000    3784812   759501.696529
    363359   21572000      25360  3227638.928810
    363360   14372000      16537  2149924.584563
    363489   21600000      47720  3383542.840459
    364100    9909000     384420  6693737.228811
    364101    6199000     454601  3576209.472665
    364102    9621000     705840  4966492.606713
    364103    7478000    1947014  2717596.446847
    364104    2494800     762329   902414.369021
    364105    7468600    2296879  2606755.737784
    364106    6244000    2692791  3716021.170611
    364107    3750000    1777419  2491777.660066
    364108   15628900    7568630 10833133.075694
    364109    2460000    1451466  2116546.384079
    364110    1249400     739392  1145984.975559
    364111    2498300    1500907  2344779.043463
    364112    3746500    2343012  3725326.760743
    364113    1250000     826664  1274067.229662
    364114    9998000     298304  6719012.350315
    364115    6240500     353239  3583695.672439
    364116    9992800     568923  5139202.169442
    364117    7384500    1519211  2702655.209947
    364118    2495000     607716   907295.319330
    364119    7492600    1848495  2628718.293706
    364120    6250000    2234947  3744160.056808
    364121    3748000    1470741  2499776.795538
    364122   15662200    6325548 10889156.868337
    364123    1999800     993145  1721809.184565
    364124    1250000     619210  1147074.096441
    364125    2499500    1264693  2343737.994636
    364126    3712000    1942799  3677712.001134
    364127    1249800     698232  1270333.509212
    364128    9998000       6179  6726281.149512
    364129    6137500       7241  3532960.237736
    364130    9994000      12761  5137387.928969
    364131    7498500      39641  2755702.598513
    364132    2499000      15550   903049.705499
    364133    7498800      49958  2628966.314780
    364134    6228000      70009  3734850.538126
    364135    3749900      45543  2500529.893845
    364136    6213000      80286  4324785.165015
    364137    2499000      45424  2155327.639877
    364138    1233900      21647  1133852.680416
    364139    2497200      46082  2343161.416265
    364140    3749600      74706  3723236.229741
    364141    1250000      28129  1272900.203109
    364142    9998000          0  6588202.488415
    364143    7999000          0  4542238.145364
    364144    8000000          1  4013221.160554
    364145   14946000          3  5424392.640331
    364146   14916400          2  5401266.426735
    364147   19975900         24  6977188.537946
    364148   14986600          8  8881579.200987
    364149   12498700         23  8291258.320711
    364150   19989200        120 13866756.715904
    364151    4998800         20  4323752.345317
    364152    3497700         22  3225245.147133
    364153   17981950        361 16911950.978454
    364154    9999500        170  9949077.674943
    364155    5000000        325  5118145.649899
    364156   29191950       1591 19637517.194190
    364157   12272700       2415  7032248.816644
    364158   21695000      10393 13107422.277372
    364159   18620000       8489  6809091.182864
    364160   12459400      13525  4736031.708851
    364161   25148250      66637 10251557.926743
    364162   12324250      13471  7671069.993161
    364163    9355250      21175  6645335.473359
    364164   26415600     151006 19595421.329192
    364165    6228500      15166  5457432.745635
    364166    3747350      14037  3511511.997014
    364167    3746850      32039  3594065.782538
    364168    7498000      41408  7537726.061463
    364169    5000000      50517  5139781.523237
    364170   30822900       1548 20732831.654969
    364171   12486200       2351  7152174.965797
    364172   21848300       9032 13185528.958004
    364173   18480000       7769  6779036.612022
    364174   12402800      12279  4686194.973897
    364175   12355900      29863  5033772.164305
    364176   12479750      12486  7733763.485489
    364177    9373800      20075  6654590.499951
    364178   31859000     168119 23622685.385286
    364179    6007600      13302  5259053.309357
    364180    3743700      12897  3507553.803131
    364181    3693850      29793  3538269.948408
    364182    7494700      37917  7522018.711003
    364183    4944000      46060  5103985.845499
    364184   31110000        113 20991167.738533
    364185   12443600        188  7153489.514357
    364186   21824500        608 13264431.697059
    364187   18721000        829  6799003.576743
    364188   12389000       1256  4704295.750533
    364189   12477850       3044  5038960.269809
    364190   12479000       1711  7775476.384067
    364191    9373950       2634  6653397.738713
    364192   25593200      16769 19005305.240250
    364193    6238800       2411  5466336.487802
    364194    3729000       2009  3495497.607451
    364195    3742500       4319  3586555.928534
    364196    7495450       6811  7546298.144787
    364197    4989800       9290  5121805.794290
    364254   29945000    3853756 10227700.751442
    364302     318400     102237   319070.951565
    364303     319400          0   320029.084830
    364304     440000        785    96645.751291
    364305     440000        796    96643.769505
    407019     625000      45736        0.021050
    407343    9938500     634076 7150336293.135620
    410013    5000000     128544  5000000.000000
    410014    4998000     128314  4998000.000000
    410015     630000     132425   630000.000000
    410016     630000     131911   630000.000000
    410025    1000000       3453        0.002053
    410470   74486000    4841647 54386909894.882568
    410471   24714000       1910 18045509444.822266
    410472   24961000    7262316 18226225741.461304
    410503   19953000    5786332 1535112264.622803
