  00325713   24091770      28613      24091770.000000    physics_Main                                      
  00325790   12840594      15258      12840594.000000    physics_Main                                      
  00326439     638754         24        638754.000000    physics_Main                                      
  00326446   10150104      28313      10150104.000000    physics_Main                                      
  00326468    3057231       1490       3057231.000000    physics_Main                                      
  00326551   25908163      59782      25908163.000000    physics_Main                                      
  00326657   14485491      34554      14485491.000000    physics_Main                                      
  00326695   24289480      48582      24289480.000000    physics_Main                                      
  00326834   39562547      74790      39562547.000000    physics_Main                                      
  00326870   10246939      25131      10246939.000000    physics_Main                                      
  00326923   25311276      60991      25311276.000000    physics_Main                                      
  00326945   28890748      66843      28890748.000000    physics_Main                                      
  00327057   36583679      95661      36583679.000000    physics_Main                                      
  00327103    9718965      39094       9718965.000000    physics_Main                                      
  00327265   42814259     131940      42814259.000000    physics_Main                                      
  00327342   57420012     173882      57420012.000000    physics_Main                                      
  00327490   43234714     129531      43234714.000000    physics_Main                                      
  00327582    2898440      14174       2898440.000000    physics_Main                                      
  00327636   21103653      69701      21103653.000000    physics_Main                                      
  00327662   31800092     105695      31800092.000000    physics_Main                                      
  00327745    8469105      36045       8469105.000000    physics_Main                                      
  00327761     441993       2439        441993.000000    physics_Main                                      
  00327764   51856905     161042      51856905.000000    physics_Main                                      
  00327860    6589729      25914       6589729.000000    physics_Main                                      
  00327862   25699812      79996      25699812.000000    physics_Main                                      
  00328042   26946068      82207      26946068.000000    physics_Main                                      
  00328099   43615474     138660      43615474.000000    physics_Main                                      
  00328221    8347942      30521       8347942.000000    physics_Main                                      
  00328263   41360677     142495      41360677.000000    physics_Main                                      
  00328333   25530544      92968      25530544.000000    physics_Main                                      
  00328374    1081381       4043       1081381.000000    physics_Main                                      
  00328393   18313761      71446      18313761.000000    physics_Main                                      
  00329716    6183735      15069       6183735.000000    physics_Main                                      
  00329778     281774        979        281774.000000    physics_Main                                      
  00329780   32580460      95676      32580460.000000    physics_Main                                      
  00329829    5303320      20268       5303320.000000    physics_Main                                      
  00329835   11349103      38865      11349103.000000    physics_Main                                      
  00329869   20389605      73317      20389605.000000    physics_Main                                      
  00329964   17511118      64351      17511118.000000    physics_Main                                      
  00330025   30267486     111586      30267486.000000    physics_Main                                      
  00330074    7688752      31252       7688752.000000    physics_Main                                      
  00330079    8643268      35523       8643268.000000    physics_Main                                      
  00330101    1085217       4880       1085217.000000    physics_Main                                      
  00330160    3295550        789       3295550.000000    physics_Main                                      
  00330166    1219716       5132       1219716.000000    physics_Main                                      
  00330203   45472799     154219      45472799.000000    physics_Main                                      
  00330294   43937216     152786      43937216.000000    physics_Main                                      
  00331033   14762891      12492      14762891.000000    physics_Main                                      
  00331082     735147       3826        735147.000000    physics_Main                                      
  00331085   49417976     167081      49417976.000000    physics_Main                                      
  00331129   49077516     157901      49077516.000000    physics_Main                                      
  00331215   11918351      52052      11918351.000000    physics_Main                                      
  00331697    9412751      38792       9412751.000000    physics_Main                                      
  00331710   39725879     148078      39725879.000000    physics_Main                                      
  00331742   44461569     153464      44461569.000000    physics_Main                                      
  00331772    5269852      27201       5269852.000000    physics_Main                                      
  00331804   48546662     175295      48546662.000000    physics_Main                                      
  00331825   44931942     160036      44931942.000000    physics_Main                                      
  00331860   32853549     120860      32853549.000000    physics_Main                                      
  00331875   50640140     176368      50640140.000000    physics_Main                                      
  00331905    3978870      18159       3978870.000000    physics_Main                                      
  00331951    8421683      40302       8421683.000000    physics_Main                                      
  00331975   55084181     167338      55084181.000000    physics_Main                                      
  00332303   14222785      73399      14222785.000000    physics_Main                                      
  00332304   20531137      74585      20531137.000000    physics_Main                                      
  00332720     781060       1601        781060.000000    physics_Main                                      
  00332896    3452685       7278       3452685.000000    physics_Main                                      
  00332915   13663106      31521      13663106.000000    physics_Main                                      
  00332953   15608398      38590      15608398.000000    physics_Main                                      
  00332955    8289893      22981       8289893.000000    physics_Main                                      
  00333181   17780181      46875      17780181.000000    physics_Main                                      
  00333192   18837777      55012      18837777.000000    physics_Main                                      
  00333367   18921305      55644      18921305.000000    physics_Main                                      
  00333380    7440082      23917       7440082.000000    physics_Main                                      
  00333426    6373816      20856       6373816.000000    physics_Main                                      
  00333469   10959684      34225      10959684.000000    physics_Main                                      
  00333487   32504377      89004      32504377.000000    physics_Main                                      
  00333519    7507318      24418       7507318.000000    physics_Main                                      
  00333650   24252263      64886      24252263.000000    physics_Main                                      
  00333707   11058580      33015      11058580.000000    physics_Main                                      
  00333778   32503594      85859      32503594.000000    physics_Main                                      
  00333828   28174231      69457      28174231.000000    physics_Main                                      
  00333853    6711414      19543       6711414.000000    physics_Main                                      
  00333904   14796471      43489      14796471.000000    physics_Main                                      
  00333979   15970337      43980      15970337.000000    physics_Main                                      
  00333994    1686478       7574       1686478.000000    physics_Main                                      
  00334264   16148554      28334      16148554.000000    physics_Main                                      
  00334317   12288137      27245      12288137.000000    physics_Main                                      
  00334350   38073429      56954      38073429.000000    physics_Main                                      
  00334384    3618889      11396       3618889.000000    physics_Main                                      
  00334413   35732998      93677      35732998.000000    physics_Main                                      
  00334443   33277596      87414      33277596.000000    physics_Main                                      
  00334455    1063582       2872       1063582.000000    physics_Main                                      
  00334487   36269994      94955      36269994.000000    physics_Main                                      
  00334564   15330939      39144      15330939.000000    physics_Main                                      
  00334580    2066158       6326       2066158.000000    physics_Main                                      
  00334588   21288957      52701      21288957.000000    physics_Main                                      
  00334637   15529231      39703      15529231.000000    physics_Main                                      
  00334678   13434270      36250      13434270.000000    physics_Main                                      
  00334737   29392816      77873      29392816.000000    physics_Main                                      
  00334779   20963283      51790      20963283.000000    physics_Main                                      
  00334842   12481501      27879      12481501.000000    physics_Main                                      
  00334849   12583365      29810      12583365.000000    physics_Main                                      
  00334878   18901603      45542      18901603.000000    physics_Main                                      
  00334890   14910342      39903      14910342.000000    physics_Main                                      
  00334907   26844927      71909      26844927.000000    physics_Main                                      
  00334960   35697114      89854      35697114.000000    physics_Main                                      
  00334993   34011073      87817      34011073.000000    physics_Main                                      
  00335016    7493010      22497       7493010.000000    physics_Main                                      
  00335022   37545510      97199      37545510.000000    physics_Main                                      
  00335056     455053       1721        455053.000000    physics_Main                                      
  00335082     967215       1214        967215.000000    physics_Main                                      
  00335083   29695733      77753      29695733.000000    physics_Main                                      
  00335131    8238550      22874       8238550.000000    physics_Main                                      
  00335170   34195043      86497      34195043.000000    physics_Main                                      
  00335177   38015266      96026      38015266.000000    physics_Main                                      
  00335222   36396524      92715      36396524.000000    physics_Main                                      
  00335282   11498770      31696      11498770.000000    physics_Main                                      
  00335290   18529643      48943      18529643.000000    physics_Main                                      
  00336506   13518602      37400      13518602.000000    physics_Main                                      
  00336548   37149806     100484      37149806.000000    physics_Main                                      
  00336567   42996819     128194      42996819.000000    physics_Main                                      
  00336630   47557433     138767      47557433.000000    physics_Main                                      
  00336678   15722038      58183      15722038.000000    physics_Main                                      
  00336719   29743996      99982      29743996.000000    physics_Main                                      
  00336782   44915698     125508      44915698.000000    physics_Main                                      
  00336832   51546183     162258      51546183.000000    physics_Main                                      
  00336852   62769210     213339      62769210.000000    physics_Main                                      
  00336915   41577879     112315      41577879.000000    physics_Main                                      
  00336927   49472574     135955      49472574.000000    physics_Main                                      
  00336944   16156812      67169      16156812.000000    physics_Main                                      
  00336998   17318027      71165      17318027.000000    physics_Main                                      
  00337005   14084829      63836      14084829.000000    physics_Main                                      
  00337052   43968080     139077      43968080.000000    physics_Main                                      
  00337107   43856298     165333      43856298.000000    physics_Main                                      
  00337156    7573059      48385       7573059.000000    physics_Main                                      
  00337176   49928290     193594      49928290.000000    physics_Main                                      
  00337215   48824982     180854      48824982.000000    physics_Main                                      
  00337263   49228933     169173      49228933.000000    physics_Main                                      
  00337335   26020941     116906      26020941.000000    physics_Main                                      
  00337371   23325681      69985      23325681.000000    physics_Main                                      
  00337404   18507223      99342      18507223.000000    physics_Main                                      
  00337451   50957070     191127      50957070.000000    physics_Main                                      
  00337491   33381536     148755      33381536.000000    physics_Main                                      
  00337542   37442503     155912      37442503.000000    physics_Main                                      
  00337662   56554684     213422      56554684.000000    physics_Main                                      
  00337705   51881136     201619      51881136.000000    physics_Main                                      
  00337833   66811944     237067      66811944.000000    physics_Main                                      
  00338183   55240336     209011      55240336.000000    physics_Main                                      
  00338220   65112102     254128      65112102.000000    physics_Main                                      
  00338259   36383019     186091      36383019.000000    physics_Main                                      
  00338263   58438939     236637      58438939.000000    physics_Main                                      
  00338349   52980329     226886      52980329.000000    physics_Main                                      
  00338377   72930462      78983      72930462.000000    physics_Main                                      
  00338480   46285330     211785      46285330.000000    physics_Main                                      
  00338608   54602184     104891      54602184.000000    physics_Main                                      
  00338675    4748317      32042       4748317.000000    physics_Main                                      
  00338712   55419806     233182      55419806.000000    physics_Main                                      
  00338767   49354010     222520      49354010.000000    physics_Main                                      
  00338834    6208648      41055       6208648.000000    physics_Main                                      
  00338846   56765485     243690      56765485.000000    physics_Main                                      
  00338897   49368861     234835      49368861.000000    physics_Main                                      
  00338933   54049571     214667      54049571.000000    physics_Main                                      
  00338967   13832017      86536      13832017.000000    physics_Main                                      
  00338987   52715800     165692      52715800.000000    physics_Main                                      
  00339037   60101390     220852      60101390.000000    physics_Main                                      
  00339070   55782998     205966      55782998.000000    physics_Main                                      
  00339205   24878736     111278      24878736.000000    physics_Main                                      
  00339346    3898509      22497       3898509.000000    physics_Main                                      
  00339387   45221169     175235      45221169.000000    physics_Main                                      
  00339396   24056985     115837      24056985.000000    physics_Main                                      
  00339435   59187270     163590      59187270.000000    physics_Main                                      
  00339500   19171110      46215      19171110.000000    physics_Main                                      
  00339535   23737905     120101      23737905.000000    physics_Main                                      
  00339562   16140640      80920      16140640.000000    physics_Main                                      
  00339590    4969065      15029       4969065.000000    physics_Main                                      
  00339758   53658985     221293      53658985.000000    physics_Main                                      
  00339849   48102908     193628      48102908.000000    physics_Main                                      
  00339957   68668316     192834      68668316.000000    physics_Main                                      
  00340030   73222893     248044      73222893.000000    physics_Main                                      
  00340072   78709382     264345      78709382.000000    physics_Main                                      
  00340368   41378489     169306      41378489.000000    physics_Main                                      
  00340453   71475531     241061      71475531.000000    physics_Main                                      
    345054    3993700     348122       1112980.505605    PwPy8EG_NNPDF3_AZNLO_WpH125J_MINLO_lvbb_VpT       
    345055    2999950      63469        228273.335811    PwPy8EG_NNPDF3_AZNLO_ZH125J_MINLO_llbb_VpT        
    345056    1999700     876379        300335.485644    PwPy8EG_NNPDF3_AZNLO_ZH125J_MINLO_vvbb_VpT        
    345057     745000       7762         15079.887724    PwPy8EG_NNPDF3_AZNLO_ggZH125_llbb                 
    345058     499000     159328          5685.469866    PwPy8EG_NNPDF3_AZNLO_ggZH125_vvbb                 
    345109     999950      91693        175322.797498    PwPy8EG_NNPDF3_AZNLO_WmH125J_MINLO_lvcc_VpT       
    345110    1943800     187050        542095.880188    PwPy8EG_NNPDF3_AZNLO_WpH125J_MINLO_lvcc_VpT       
    345114     500000     176793          5696.843271    PwPy8EG_NNPDF3_AZNLO_ggZH125_vvcc                 
    363355    5399000     321321       3490355.381650    Sh_221_ZqqZvv                                     
    363356    5400000      16329       3493067.334428    Sh_221_ZqqZll                                     
    363357    5998000     440388        555940.206339    Sh_221_WqqZvv                                     
    363358   26915000     106380       1267362.125179    Sh_221_WqqZll                                     
    363359   35904000     399596       5370566.941446    Sh_221_WpqqWmlv                                   
    363360   14372000     201517       2149924.584563    Sh_221_WplvWmqq                                   
    363489   35917000     607912       5626857.244384    Sh_221_WlvZqq                                     
    364100    9980000         61       6741754.342167    Sh_221_Zmumu_M0_70_CvBv                           
    364101    6201000         41       3577407.729782    Sh_221_Zmumu_M0_70_CfBv                           
    364102    9965000         66       5143569.502734    Sh_221_Zmumu_M0_70_Bf                             
    364103    7478000       4055       2717596.446847    Sh_221_Zmumu_M70_140_CvBv                         
    364104    2494800       1269        902414.369021    Sh_221_Zmumu_M70_140_CfBv                         
    364105    7470600       2867       2607423.335222    Sh_221_Zmumu_M70_140_Bf                           
    364106    6250000      44882       3719732.937999    Sh_221_Zmumu_M140_280_CvBv                        
    364107    3750000      22896       2491777.660066    Sh_221_Zmumu_M140_280_CfBv                        
    364108   15628900      74774      10833133.075694    Sh_221_Zmumu_M140_280_Bf                          
    364109    2460000      29335       2116546.384079    Sh_221_Zmumu_M280_500_CvBv                        
    364110    1249400      12778       1145984.975559    Sh_221_Zmumu_M280_500_CfBv                        
    364111    2498300      22704       2344779.043463    Sh_221_Zmumu_M280_500_Bf                          
    364112    3746500      40125       3725326.760743    Sh_221_Zmumu_M500_1000                            
    364113    1250000      12253       1274067.229662    Sh_221_Zmumu_M1000_E_CMS                          
    364114    9998000        126       6719012.350315    Sh_221_Zee_M0_70_CvBv                             
    364115    6244500        106       3585957.388521    Sh_221_Zee_M0_70_CfBv                             
    364116    9994800        204       5140248.492542    Sh_221_Zee_M0_70_Bf                               
    364117    7490500        518       2741807.662413    Sh_221_Zee_M70_140_CvBv                           
    364118    2497000        191        908047.518893    Sh_221_Zee_M70_140_CfBv                           
    364119    7492600        787       2628718.293706    Sh_221_Zee_M70_140_Bf                             
    364120    6250000        511       3744160.056808    Sh_221_Zee_M140_280_CvBv                          
    364121    3675000        364       2451290.292818    Sh_221_Zee_M140_280_CfBv                          
    364122    8096200       1403       5628386.470062    Sh_221_Zee_M140_280_Bf                            
    364123    2499800        300       2152620.704134    Sh_221_Zee_M280_500_CvBv                          
    364124    1250000        258       1147074.096441    Sh_221_Zee_M280_500_CfBv                          
    364125    2499500       1119       2343737.994636    Sh_221_Zee_M280_500_Bf                            
    364126    3749000       2228       3714411.643911    Sh_221_Zee_M500_1000                              
    364127    1220000       2369       1240178.351579    Sh_221_Zee_M1000_E_CMS                            
    364128    9998000        404       6726281.149512    Sh_221_Ztautau_M0_70_CvBv                         
    364129    6237500        297       3590495.025963    Sh_221_Ztautau_M0_70_CfBv                         
    364130    9994000        428       5137387.928969    Sh_221_Ztautau_M0_70_Bf                           
    364131    7498500       5991       2755702.598513    Sh_221_Ztautau_M70_140_CvBv                       
    364132    2499000       1974        903049.705499    Sh_221_Ztautau_M70_140_CfBv                       
    364133    7498800       5267       2628966.314780    Sh_221_Ztautau_M70_140_Bf                         
    364134    6249000     108779       3747620.368992    Sh_221_Ztautau_M140_280_CvBv                      
    364135    3749900      54981       2500529.893845    Sh_221_Ztautau_M140_280_CfBv                      
    364136    6221000      78945       4330468.227579    Sh_221_Ztautau_M140_280_Bf                        
    364137    2499000     167877       2155327.639877    Sh_221_Ztautau_M280_500_CvBv                      
    364138    1249900      66750       1148620.774494    Sh_221_Ztautau_M280_500_CfBv                      
    364139    2497200     118370       2343161.416265    Sh_221_Ztautau_M280_500_Bf                        
    364140    3749600     323038       3723236.229741    Sh_221_Ztautau_M500_1000                          
    364141    1250000     156805       1272900.203109    Sh_221_Ztautau_M1000_E_CMS                        
    364142   10000000        343       6589549.275125    Sh_221_Znunu_M0_70_CvBv                           
    364143    7999000        456       4542238.145364    Sh_221_Znunu_M0_70_CfBv                           
    364144    8000000        398       4013221.160554    Sh_221_Znunu_M0_70_Bf                             
    364145   14979000     114281       5436334.750694    Sh_221_Znunu_M70_140_CvBv                         
    364146   14979400     122009       5424363.240965    Sh_221_Znunu_M70_140_CfBv                         
    364147   19819900     137731       6923513.709807    Sh_221_Znunu_M70_140_Bf                           
    364148   14978600    2487616       8876900.894064    Sh_221_Znunu_M140_280_CvBv                        
    364149   12498700    1893873       8291258.320711    Sh_221_Znunu_M140_280_CfBv                        
    364150   19988200    2631339      13866022.904492    Sh_221_Znunu_M140_280_Bf                          
    364151    4998800    1849365       4323752.345317    Sh_221_Znunu_M280_500_CvBv                        
    364152    3497700    1134257       3225245.147133    Sh_221_Znunu_M280_500_CfBv                        
    364153   17983950    5419843      16913851.135202    Sh_221_Znunu_M280_500_Bf                          
    364154    9999500    3919852       9949077.674943    Sh_221_Znunu_M500_1000                            
    364155    5000000    2364273       5118145.649899    Sh_221_Znunu_M1000_E_CMS                          
    364156   24106850        341      16215473.822425    Sh_221_Wmunu_M0_70_CvBv                           
    364157   12444700        212       7130405.914308    Sh_221_Wmunu_M0_70_CfBv                           
    364158   21701000        474      13111080.972352    Sh_221_Wmunu_M0_70_Bf                             
    364159   18620000      28641       6809091.182864    Sh_221_Wmunu_M70_140_CvBv                         
    364160   12459400      16606       4736031.708851    Sh_221_Wmunu_M70_140_CfBv                         
    364161    5241350       8786       2137429.160704    Sh_221_Wmunu_M70_140_Bf                           
    364162   12374250     293389       7702293.296686    Sh_221_Wmunu_M140_280_CvBv                        
    364163    9361250     164461       6649768.223483    Sh_221_Wmunu_M140_280_CfBv                        
    364164    6424700     133106       4761600.235228    Sh_221_Wmunu_M140_280_Bf                          
    364165    6228500     282786       5457432.745635    Sh_221_Wmunu_M280_500_CvBv                        
    364166    3747350     133745       3511511.997014    Sh_221_Wmunu_M280_500_CfBv                        
    364167    3746850     153210       3594065.782538    Sh_221_Wmunu_M280_500_Bf                          
    364168    7498000     358861       7537726.061463    Sh_221_Wmunu_M500_1000                            
    364169    5000000     287250       5139781.523237    Sh_221_Wmunu_M1000_E_CMS                          
    364170   30817900       3180      20729455.026279    Sh_221_Wenu_M0_70_CvBv                            
    364171   12494200       1525       7156686.229212    Sh_221_Wenu_M0_70_CfBv                            
    364172   21848300       3158      13185528.958004    Sh_221_Wenu_M0_70_Bf                              
    364173   18492000      30312       6783571.832596    Sh_221_Wenu_M70_140_CvBv                          
    364174   12402800      17209       4686194.973897    Sh_221_Wenu_M70_140_CfBv                          
    364175   12357900      20975       5034643.242073    Sh_221_Wenu_M70_140_Bf                            
    364176   12479750     244726       7733763.485489    Sh_221_Wenu_M140_280_CvBv                         
    364177    9373800     131046       6654590.499951    Sh_221_Wenu_M140_280_CfBv                         
    364178   16212000     265499      12026815.912363    Sh_221_Wenu_M140_280_Bf                           
    364179    6007600     244580       5259053.309357    Sh_221_Wenu_M280_500_CvBv                         
    364180    3743700     111952       3507553.803131    Sh_221_Wenu_M280_500_CfBv                         
    364181    3693850     126894       3538269.948408    Sh_221_Wenu_M280_500_Bf                           
    364182    7498700     316228       7525768.658014    Sh_221_Wenu_M500_1000                             
    364183    1051000      58842       1085675.569805    Sh_221_Wenu_M1000_E_CMS                           
    364184   31044000       1272      20946520.579262    Sh_221_Wtaunu_M0_70_CvBv                          
    364185   12418600        750       7139141.409167    Sh_221_Wtaunu_M0_70_CfBv                          
    364186   21824500       1524      13264431.697059    Sh_221_Wtaunu_M0_70_Bf                            
    364187   18721000      62618       6799003.576743    Sh_221_Wtaunu_M70_140_CvBv                        
    364188   12483000      37718       4739956.748710    Sh_221_Wtaunu_M70_140_CfBv                        
    364189   12477850      43083       5038960.269809    Sh_221_Wtaunu_M70_140_Bf                          
    364190   12479000     931048       7775476.384067    Sh_221_Wtaunu_M140_280_CvBv                       
    364191    9373950     534925       6653397.738713    Sh_221_Wtaunu_M140_280_CfBv                       
    364192   16230500     970265      12063872.352769    Sh_221_Wtaunu_M140_280_Bf                         
    364193    6238800    1199671       5466336.487802    Sh_221_Wtaunu_M280_500_CvBv                       
    364194    3749000     554235       3514298.813789    Sh_221_Wtaunu_M280_500_CfBv                       
    364195    3742500     558193       3586555.928534    Sh_221_Wtaunu_M280_500_Bf                         
    364196    7499450    1542183       7550201.890374    Sh_221_Wtaunu_M500_1000                           
    364197    4989800    1351481       5121805.794290    Sh_221_Wtaunu_M1000_E_CMS                         
    364216    2966800      13397       2099279.705082    Sh_221_Zmumu_PTV500_1000                          
    364217    1977100      17998       1938167.046757    Sh_221_Zmumu_PTV1000_E_CMS                        
    364218    2949800       1317       2085557.713934    Sh_221_Zee_PTV500_1000                            
    364219    1474700       2464       1110994.411958    Sh_221_Zee_PTV1000_E_CMS                          
    364220    2995800    1370348       2129752.944914    Sh_221_Ztautau_PTV500_1000                        
    364221    1991200    1147722       1365848.059124    Sh_221_Ztautau_PTV1000_E_CMS                      
    364222    2955200    2907316       2085363.393527    Sh_221_Znunu_PTV500_1000                          
    364224    3832600     210937       2706743.794042    Sh_221_Wmunu_PTV500_1000                          
    364225    3994900     201964       2987912.621251    Sh_221_Wmunu_PTV1000_E_CMS                        
    364226    3983400     273842       2827439.646345    Sh_221_Wenu_PTV500_1000                           
    364227    3847200     191674       2839102.602202    Sh_221_Wenu_PTV1000_E_CMS                         
    364228    3920200    2866481       2795513.296733    Sh_221_Wtaunu_PTV500_1000                         
    364229    3930800    2918441       2892971.163357    Sh_221_Wtaunu_PTV1000_E_CMS                       
    407019     625000     248428             0.021050    PwPyEG_P2012CT10_Wt_inclusive_top_MET200          
    410013    5000000      85992       5000000.000000    PwPyEG_P2012_Wt_inclusive_top                     
    410014    5000000      86215       5000000.000000    PwPyEG_P2012_Wt_inclusive_antitop                 
    410025    1000000      18328             0.002053    PwPyEG_P2012_SingleTopSchan_noAllHad_top          
    410080     200000      16021        200000.000000    MGPy8EG_A14NNPDF23_4topSM                         
    410081      50000       3137         50000.000000    MGPy8EG_A14NNPDF23_ttbarWW                        
    410155    7499000     313936       4112970.178082    aMcAtNloPy8EG_MEN30NLO_A14N23LO_ttW               
    410156    1500000     392647        232220.941647    aMcAtNloPy8EG_MEN30NLO_A14N23LO_ttZnunu           
    410157    3000000     121585       1585437.047316    aMcAtNloPy8EG_MEN30NLO_A14N23LO_ttZqq             
    410218    1337000       5384         49255.100759    aMcAtNloPy8EG_MEN30NLO_A14N23LO_ttee              
    410219    1339000       6402         49331.134025    aMcAtNloPy8EG_MEN30NLO_A14N23LO_ttmumu            
    410220     900000      47641         32785.089949    aMcAtNloPy8EG_MEN30NLO_A14N23LO_tttautau          
    410249    9990000      16461       2756233.062694    Sh_221_NNPDF30NNLO_ttbar_AllHadronic_MEPS_NLO     
    410470   74898000    2550303   54687791974.963013    PhPy8EG_A14_ttbar_hdamp258p75_nonallhad           
    410501   19997000     675665   14601556412.838745    PwPy8EG_A14_ttbar_hdamp258p75_nonallhad           
    410503   19995000     320925    1538344630.282227    PwPy8EG_A14_ttbar_hdamp258p75_dil                 
    410560    1000000      41742            43.734354    MGPy8EG_A14_tZ_4fl_tchan_noAllHad                 
